object Form1: TForm1
  Left = 0
  Top = 0
  Caption = 'OpenGL'
  ClientHeight = 530
  ClientWidth = 730
  Position = ScreenCenter
  FormFactor.Width = 320
  FormFactor.Height = 480
  FormFactor.Devices = [Desktop]
  OnCreate = FormCreate
  DesignerMasterStyle = 0
  object Panel1: TPanel
    Align = Left
    Margins.Left = 5.000000000000000000
    Margins.Top = 5.000000000000000000
    Margins.Bottom = 5.000000000000000000
    Position.X = 5.000000000000000000
    Position.Y = 5.000000000000000000
    Size.Width = 310.000000000000000000
    Size.Height = 520.000000000000000000
    Size.PlatformDefault = False
    StyleLookup = 'pushpanel'
    TabOrder = 3
    inline GLViewer1: TGLViewer
      Align = Top
      Margins.Left = 5.000000000000000000
      Margins.Top = 5.000000000000000000
      Margins.Right = 5.000000000000000000
      Margins.Bottom = 5.000000000000000000
      Position.X = 5.000000000000000000
      Position.Y = 5.000000000000000000
      Size.Width = 300.000000000000000000
      Size.Height = 300.000000000000000000
      Size.PlatformDefault = False
    end
    inline GLViewer2: TGLViewer
      Align = Client
      Margins.Left = 5.000000000000000000
      Margins.Top = 5.000000000000000000
      Margins.Right = 5.000000000000000000
      Margins.Bottom = 5.000000000000000000
      Size.Width = 300.000000000000000000
      Size.Height = 200.000000000000000000
      Size.PlatformDefault = False
    end
  end
  object Timer1: TTimer
    Interval = 10
    OnTimer = Timer1Timer
    Left = 25
    Top = 25
  end
  object Panel2: TPanel
    Align = Client
    Margins.Top = 5.000000000000000000
    Margins.Right = 5.000000000000000000
    Margins.Bottom = 5.000000000000000000
    Size.Width = 410.000000000000000000
    Size.Height = 520.000000000000000000
    Size.PlatformDefault = False
    StyleLookup = 'pushpanel'
    TabOrder = 2
    inline GLViewer3: TGLViewer
      Align = Top
      Margins.Left = 5.000000000000000000
      Margins.Top = 5.000000000000000000
      Margins.Right = 5.000000000000000000
      Margins.Bottom = 5.000000000000000000
      Position.X = 5.000000000000000000
      Position.Y = 5.000000000000000000
      Size.Width = 400.000000000000000000
      Size.Height = 200.000000000000000000
      Size.PlatformDefault = False
    end
    inline GLViewer4: TGLViewer
      Align = Client
      Margins.Left = 5.000000000000000000
      Margins.Top = 5.000000000000000000
      Margins.Right = 5.000000000000000000
      Margins.Bottom = 5.000000000000000000
      Size.Width = 400.000000000000000000
      Size.Height = 300.000000000000000000
      Size.PlatformDefault = False
    end
  end
end
